[
    [
        [-258, -585, -174, 27, 210, -513, -29, -889],
        [-806, -602, 775, -498, 536, -723, -761, 445],
        [323, 312, 254, -931, 777, -719, 640, 355],
        [866, 105, -171, 240, -726, 58, 834, 913],
        [652, 239, -948, 107, 139, -726, 419, 560],
        [362, -59, 696, 759, 820, -348, 162, -611],
        [-174, -839, -692, 896, -89, 178, 350, -489],
        [373, 337, 552, 926, 962, -282, 184, -676]
    ],
    [
        [-941, 237, 908, -496, -773, 303, -327, -899],
        [-148, -983, 324, -697, 216, 35, 891, 434],
        [594, -296, -906, -147, 922, 628, -160, 709],
        [-725, -363, -937, 898, -905, 189, 403, -104],
        [-448, 648, 761, -597, 748, -742, -380, 468],
        [-49, -923, 478, -932, 387, -650, 573, -974],
        [-22, 220, -543, -139, -976, -194, -272, -90],
        [486, -150, 67, -466, 484, 351, 494, 814]
    ]
]
